153
154
156
156
156
157
159
245
250
250
251
245
253
165
256
168
168
169
170
171
172
228
173
174
232
232
177
233
179
235
236
182
184
185
185
186
188
188
189
190
191
192
193
193
195
196
196
199
199
199
201
201
204
204
205
206
207
207
209
210
210
213
214
215
215
218
218
218
219
221
222
223
224
225
226
172
173
174
173
229
229
178
179
179
235
181
237
238
239
240
241
242
243
243
245
245
245
248
245
249
250
251
252
253
161
256
279
258
280
281
260
283
262
285
286
265
265
267
290
268
270
293
293
296
296
297
297
298
300
300
301
302
303
304
305
306
306
306
309
309
311
311
313
311
313
316
317
317
321
320
322
322
322
323
323
323
325
326
328
328
329
334
422
332
424
335
335
427
338
338
339
340
341
342
343
343
343
403
348
403
348
404
407
408
408
352
356
356
356
358
358
359
360
361
361
361
364
365
368
368
366
368
368
374
368
374
376
374
376
407
375
379
380
381
380
383
384
334
387
387
389
390
391
391
337
395
396
396
396
343
400
348
343
400
348
348
404
407
352
408
409
410
411
412
413
414
414
417
417
333
370
329
425
331
332
332
423
334
380
429
429
429
425
433
417
458
436
436
436
439
465
465
441
441
465
466
355
468
469
469
481
472
474
475
475
475
476
477
479
479
481
481
479
479
479
479
479
446
483
491
448
494
494
494
494
495
1
1
1
3
3
6
6
9
9
103
103
12
13
13
15
16
17
19
19
20
23
23
24
24
26
26
28
84
30
31
32
32
34
35
35
36
37
38
40
41
43
43
44
45
49
49
49
49
51
51
52
53
54
55
56
57
58
60
60
61
61
62
64
64
65
66
68
70
69
71
71
72
73
74
21
23
23
23
80
25
27
28
84
30
32
87
89
89
91
91
93
93
95
95
95
97
99
9
10
103
103
12
13
13
106
107
109
110
111
111
113
113
115
116
117
119
119
120
122
123
1
124
1
126
38
106
106
108
109
111
111
111
113
114
116
120
117
117
119
119
122
122
124
124
126
127
128
128
131
131
132
133
134
135
136
139
141
140
141
141
142
142
142
141
147
148
150
148
151
151
324
324
324
326
326
327
463
425
423
423
423
428
428
335
337
338
340
340
341
342
343
343
403
403
403
403
348
407
407
352
353
353
356
356
356
358
359
360
361
361
364
364
365
368
368
368
368
370
374
372
370
374
374
374
407
407
379
380
380
381
381
383
385
334
390
335
391
391
391
395
395
396
395
397
398
343
343
343
403
403
348
403
407
407
353
491
411
412
412
413
414
493
333
418
334
375
425
332
423
423
423
428
426
428
449
436
334
458
458
438
436
438
438
425
337
465
465
441
443
444
445
445
445
448
448
449
334
429
334
417
436
436
436
458
450
441
425
465
465
465
465
356
466
468
469
493
472
472
474
474
475
476
477
479
479
479
479
479
479
479
479
360
481
479
360
495
494
493
494
495
1
2
2
3
3
5
98
99
100
10
11
104
13
13
70
16
17
19
19
75
23
77
77
26
26
26
27
83
29
31
32
32
123
34
37
37
38
39
40
104
61
43
44
49
49
49
49
49
54
54
54
54
54
54
54
54
54
61
61
62
62
104
64
64
66
64
66
70
70
7
74
72
74
75
75
21
77
77
77
26
26
26
27
83
29
31
87
88
88
89
91
91
99
95
95
95
99
99
8
100
10
11
104
13
14
105
107
148
148
148
109
108
108
113
114
96
108
142
120
119
122
123
124
144
126
126
106
107
107
0
148
144
109
108
108
114
113
108
108
142
120
108
122
122
124
124
126
152
131
131
131
131
131
133
134
135
135
135
135
138
135
141
138
139
141
138
136
149
148
148
151
151
152
156
156
156
156
157
289
248
249
250
251
245
278
280
280
221
169
169
170
171
172
173
174
174
174
177
173
173
178
207
207
183
184
271
186
186
188
311
190
190
212
211
193
194
199
197
199
199
199
199
199
211
214
208
208
208
211
214
212
214
212
214
215
215
215
215
219
218
220
220
221
226
224
225
226
226
173
173
174
174
174
177
178
233
233
207
205
212
239
239
240
242
242
279
279
281
246
248
248
249
251
251
278
289
256
256
256
278
278
278
320
278
258
258
258
258
247
288
288
270
270
272
272
274
273
276
277
277
258
297
278
320
273
278
258
258
286
258
258
281
288
270
292
289
295
296
296
297
298
299
299
301
301
303
305
305
305
309
306
305
313
306
311
316
309
313
316
313
313
320
321
320
321
322
